// hair ?
fill(143, 107, 50);
rect(101, 21, 195, 156, 10);

// face ?
fill(227, 225, 182);
ellipse(200, 200, 197, 285);

//nose?
fill (48, 20, 20);
ellipse (200, 210, 104, 58);

//eyes?
fill (240, 240, 240);
ellipse (157, 132, 20, 20);
ellipse (245, 132, 20, 20);
fill (143, 4, 58);
ellipse (157, 128, 10, 10);
ellipse (242, 132, 10, 10);

//mouth?
fill (250, 250, 250);
rect (159, 274, 97, 22);
line (175, 275, 175, 295);
line (190, 275, 190, 295);
line (205, 275, 205, 295);
line (220, 275, 220, 295);
line (235, 275, 235, 295);
line (245, 275, 245, 295);
